mourner <- c(3,7,8,3,7,3,3,6,2,3,3,2,3,4,3,8,10,2,3,3,7,
4,2,10,6,3,4,9,3,6,4,2,4,2,6,4,3,7,5,2,5,4,
8,11,2,6,4,4,3,3,7,2,7,3,4,2,11,2,6,5,4,8,
2,3,7,2,4,6,4,3,5,6,2,3,5,10,5,6,5,4,8,8,7,
2,3,8,7,2,3,6,3,6,2,3,9,3,6,4,3,3,7,3,5,2,
9,3,8,8,2,6,4,3,4,5,2,3,3,4,2,7,5,6,8,4,3,
7,6,6,5,2,3,6,12,6,6,2,5,5,5,6,2,5,2,3,1,7,
6,3,5,4,4,1,6,3,1,7,)
mourner <- c(3,7,8,3,7,3,3,6,2,3,3,2,3,4,3,8,10,2,3,3,7,
4,2,10,6,3,4,9,3,6,4,2,4,2,6,4,3,7,5,2,5,4,
8,11,2,6,4,4,3,3,7,2,7,3,4,2,11,2,6,5,4,8,
2,3,7,2,4,6,4,3,5,6,2,3,5,10,5,6,5,4,8,8,7,
2,3,8,7,2,3,6,3,6,2,3,9,3,6,4,3,3,7,3,5,2,
9,3,8,8,2,6,4,3,4,5,2,3,3,4,2,7,5,6,8,4,3,
7,6,6,5,2,3,6,12,6,6,2,5,5,5,6,2,5,2,3,1,7,
6,3,5,4,4,1,6,3,1,7)
avg(mourner)
mournerAvg <- apply(mourner, 1, mean)
mournerAvg <- mean(mourner)
mournerSD <- sd(mourner)
install.packages(BDSA)
install.packages('BDSA')
